Title,Auther,Year
test,reggie,2000
Title,Auther,Year
test,reggie,2000
Title,Auther,Year
test,reggie,2000
